# m4 (MeV) |Umu4|^2
3.37323181e+2 1.78019505e-10
3.34813497e+2 1.78121592e-10
3.39832866e+2 1.78121592e-10
3.32303812e+2 1.78223738e-10
3.42342551e+2 1.78735348e-10
3.27284442e+2 1.79248426e-10
3.29794127e+2 1.79248426e-10
3.44852235e+2 1.79248426e-10
3.47361920e+2 1.79351218e-10
3.24706312e+2 1.79474647e-10
3.22265073e+2 1.81107733e-10
3.49871605e+2 1.81107733e-10
3.19755388e+2 1.81523524e-10
3.52381290e+2 1.81940270e-10
3.17245704e+2 1.83301313e-10
3.54890974e+2 1.83932917e-10
3.14736019e+2 1.84038395e-10
3.12226334e+2 1.85840814e-10
3.57400659e+2 1.86054021e-10
3.09716650e+2 1.87123728e-10
3.59910344e+2 1.88631659e-10
3.07206965e+2 1.88739832e-10
3.04697280e+2 1.90697591e-10
3.62420028e+2 1.91793996e-10
3.02187595e+2 1.92565228e-10
2.99677911e+2 1.94562667e-10
3.64929713e+2 1.95569143e-10
2.97168226e+2 1.96806354e-10
2.94658541e+2 1.99190076e-10
3.67439398e+2 2.00450193e-10
2.92148857e+2 2.01718282e-10
2.89639172e+2 2.04278577e-10
3.69949083e+2 2.06279223e-10
2.87129487e+2 2.06990002e-10
2.84619802e+2 2.10098452e-10
2.82110118e+2 2.13009207e-10
3.72458767e+2 2.14233891e-10
2.79600433e+2 2.16456095e-10
2.77090748e+2 2.19706701e-10
2.74581064e+2 2.23134008e-10
3.74968452e+2 2.23902864e-10
2.72071379e+2 2.26744735e-10
2.69561694e+2 2.30942879e-10
2.67052009e+2 2.34949205e-10
3.77478137e+2 2.36978356e-10
2.64542325e+2 2.39299254e-10
2.62032640e+2 2.44009463e-10
2.59522955e+2 2.48669783e-10
2.57013271e+2 2.53419109e-10
3.79987821e+2 2.56782784e-10
2.54503586e+2 2.58111125e-10
2.51993901e+2 2.63342546e-10
2.49484217e+2 2.69142496e-10
2.46974532e+2 2.74912534e-10
2.44464847e+2 2.80967305e-10
3.82383429e+2 2.87106046e-10
2.41955162e+2 2.87649731e-10
2.39445478e+2 2.93648142e-10
2.36935793e+2 2.99084993e-10
2.34426108e+2 3.05672147e-10
2.31916424e+2 3.11867539e-10
2.29406739e+2 3.19651185e-10
2.26897054e+2 3.29512783e-10
3.84436808e+2 3.33599461e-10
2.24387369e+2 3.38124293e-10
2.21877685e+2 3.47159825e-10
2.19368000e+2 3.56436809e-10
2.16858315e+2 3.66591655e-10
2.14348631e+2 3.76819719e-10
2.11838946e+2 3.87333151e-10
3.85626464e+2 3.91799856e-10
2.09329261e+2 3.98139912e-10
2.06819576e+2 4.10422975e-10
2.04309892e+2 4.22600154e-10
2.01800207e+2 4.36137630e-10
1.99290522e+2 4.49850790e-10
1.96780838e+2 4.63729191e-10
3.85976842e+2 4.72653660e-10
1.94271153e+2 4.78858635e-10
1.91761468e+2 4.94765253e-10
1.89251784e+2 5.10614449e-10
1.86742099e+2 5.25161798e-10
1.84232414e+2 5.39195444e-10
1.81722729e+2 5.54875081e-10
3.86376110e+2 5.70192864e-10
1.79213045e+2 5.71665770e-10
1.76703360e+2 5.88964552e-10
1.74193675e+2 6.10975627e-10
1.71683991e+2 6.35628726e-10
1.69174306e+2 6.59383758e-10
1.66664621e+2 6.86383533e-10
3.86661301e+2 6.95494018e-10
1.64154936e+2 7.12852284e-10
1.61645252e+2 7.40766298e-10
1.59135567e+2 7.71540638e-10
3.86604263e+2 7.84025611e-10
1.56625882e+2 8.05900262e-10
1.54116198e+2 8.38418644e-10
1.51606513e+2 8.65276353e-10
3.86878047e+2 9.33083742e-10
3.86832416e+2 1.11609721e-9
3.86946493e+2 1.22682819e-9
3.86946493e+2 1.40940868e-9
3.86946493e+2 1.61916138e-9
3.86946493e+2 1.86013015e-9
3.86946493e+2 2.13696066e-9
3.86832416e+2 2.49662400e-9
3.86604263e+2 3.11977608e-9
3.86056695e+2 3.79816136e-9
3.85554758e+2 4.40766580e-9
3.84094578e+2 5.12717988e-9
3.81813047e+2 5.77137272e-9
3.79303362e+2 6.31131746e-9
3.76793677e+2 6.81136864e-9
3.74283992e+2 7.24643233e-9
3.71774308e+2 7.70486648e-9
3.68580164e+2 8.26170260e-9
3.58997731e+2 9.98971558e-9
3.56813979e+2 1.04705500e-8
3.47133767e+2 1.24315482e-8
3.44053699e+2 1.31639817e-8
3.36410569e+2 1.50858522e-8
3.33900884e+2 1.58119787e-8
3.26371830e+2 1.80302885e-8
3.23862145e+2 1.88981394e-8
3.21352460e+2 1.97397450e-8
3.18842776e+2 2.05716018e-8
3.14736019e+2 2.21760662e-8
3.12454487e+2 2.29916563e-8
3.09944803e+2 2.40293337e-8
3.07435118e+2 2.54471848e-8
3.04925433e+2 2.62322590e-8
3.02415749e+2 2.73377182e-8
2.99906064e+2 2.86371408e-8
2.97396379e+2 2.99811347e-8
2.94886694e+2 3.12624937e-8
2.92377010e+2 3.26547308e-8
2.89867325e+2 3.42461268e-8
2.87357640e+2 3.57097665e-8
2.84847956e+2 3.72359606e-8
2.82338271e+2 3.90954192e-8
2.79828586e+2 4.08364861e-8
2.77318901e+2 4.25817902e-8
2.74809217e+2 4.46569716e-8
2.72299532e+2 4.68332849e-8
2.69789847e+2 4.86951009e-8
2.67280163e+2 5.11561160e-8
2.64770478e+2 5.37415089e-8
2.62260793e+2 5.61026489e-8
2.59751109e+2 5.88704966e-8
2.57241424e+2 6.18457687e-8
2.54731739e+2 6.45999948e-8
2.52222054e+2 6.76705763e-8
2.49712370e+2 7.12946709e-8
2.47202685e+2 7.45123979e-8
2.44693000e+2 7.81436858e-8
2.42183316e+2 8.24703857e-8
2.39673631e+2 8.61925039e-8
2.37163946e+2 9.06524926e-8
2.34654261e+2 9.57815463e-8
2.32144577e+2 1.00449365e-7
2.29634892e+2 1.05526003e-7
2.27125207e+2 1.11560529e-7
2.24615523e+2 1.16997321e-7
2.22105838e+2 1.23546097e-7
2.19596153e+2 1.30536247e-7
2.17086468e+2 1.36897802e-7
2.14576784e+2 1.45058596e-7
2.12067099e+2 1.53178067e-7
2.09557414e+2 1.60735171e-7
2.07047730e+2 1.71394426e-7
2.04538045e+2 1.80573446e-7
2.02028360e+2 1.91337847e-7
1.99518676e+2 2.03092936e-7
1.97008991e+2 2.13969568e-7
1.94499306e+2 2.28420852e-7
1.91989621e+2 2.41206419e-7
1.89479937e+2 2.56025249e-7
1.86970252e+2 2.73316930e-7
1.84460567e+2 2.88946613e-7
1.81950883e+2 3.08992747e-7
1.79441198e+2 3.27412518e-7
1.76931513e+2 3.49525622e-7
1.74421828e+2 3.73346199e-7
1.71912144e+2 3.97420779e-7
1.69402459e+2 4.26946137e-7
1.66892774e+2 4.53956213e-7
1.64383090e+2 4.89081666e-7
1.61873405e+2 5.20619246e-7
1.59363720e+2 5.62512968e-7
1.56854035e+2 5.98785638e-7
1.54344351e+2 6.49570893e-7
1.51834666e+2 6.95432837e-7
