0. 
0. 
0. 
7.31511e-12 
9.53952e-12 
1.13126e-11 
1.33836e-11 
1.71217e-11 
2.10921e-11 
2.38738e-11 
2.65651e-11 
3.01052e-11 
3.38353e-11 
3.78286e-11 
4.00734e-11 
3.82019e-11 
3.51174e-11 
3.33104e-11 
3.18021e-11 
2.97793e-11 
2.76765e-11 
2.58836e-11 
2.4486e-11 
2.36998e-11 
2.29948e-11 
2.17936e-11 
2.06746e-11 
2.02171e-11 
2.00364e-11 
1.96999e-11 
1.92281e-11 
1.88803e-11 
1.87194e-11 
1.87658e-11 
1.83809e-11 
1.74946e-11 
1.67965e-11 
1.66028e-11 
1.64888e-11 
1.62384e-11 
1.58087e-11 
1.50906e-11 
1.46014e-11 
1.43627e-11 
1.40264e-11 
1.34668e-11 
1.30882e-11 
1.31169e-11 
1.3001e-11 
1.21376e-11 
1.12324e-11 
1.07122e-11 
1.02273e-11 
9.71719e-12 
9.30201e-12 
9.02402e-12 
8.77449e-12 
8.50012e-12 
8.12766e-12 
7.54146e-12 
7.02089e-12 
6.74015e-12 
6.46679e-12 
6.0365e-12 
5.62787e-12 
5.34862e-12 
5.07595e-12 
4.75387e-12 
4.45682e-12 
4.26676e-12 
4.11146e-12 
3.95246e-12 
3.79475e-12 
3.63986e-12 
3.4628e-12 
3.23578e-12 
3.02437e-12 
2.8537e-12 
2.69316e-12 
2.51889e-12 
2.35267e-12 
2.23367e-12 
2.13241e-12 
2.01394e-12 
1.89175e-12 
1.76362e-12 
1.63511e-12 
1.51341e-12 
1.39952e-12 
1.29537e-12 
1.20878e-12 
1.13904e-12 
1.07938e-12 
1.02172e-12 
9.7075e-13 
9.2837e-13 
8.90666e-13 
8.55134e-13 
8.1927e-13 
0.
