# m4 (GeV) Umu4SQR 
1.000000000000000021e-03 4.786925936295615136e-01
1.011591112223829674e-03 2.484124811770105079e-01
1.023316578330244831e-03 2.447446315393013438e-01
1.035177955630176309e-03 2.410342674448213152e-01
1.047176819485520164e-03 2.372808961037309872e-01
1.059314763518370058e-03 1.139364364509162612e-02
1.071593399822671090e-03 1.109882744939627228e-02
1.084014359178331072e-03 1.080059400609120757e-02
1.096579291267809871e-03 1.049890370547590032e-02
1.109289864895222780e-03 1.019371647872931511e-02
1.122147768207980290e-03 9.884991792588232115e-03
1.135154708920998925e-03 9.613878100440072239e-03
1.148312414543511137e-03 9.350323948185652184e-03
1.161622632608501782e-03 9.083714910175398269e-03
1.175087130904807617e-03 8.814015576885676079e-03
1.188707697711903228e-03 8.541190128357106781e-03
1.202486142037412220e-03 8.273377552154081299e-03
1.216424293857367930e-03 8.007922567822312390e-03
1.230524004359261634e-03 7.739390664976777273e-03
1.244787146187906202e-03 7.467746178709682402e-03
1.259215613694150996e-03 7.209514860228003613e-03
1.273811323186478574e-03 6.975267647470510639e-03
1.288576213185518111e-03 6.738305248981826465e-03
1.303512244681508938e-03 6.498596192739434368e-03
1.318621401394748458e-03 6.266091971494268387e-03
1.333905690039058692e-03 6.048829801018644134e-03
1.349367140588306375e-03 5.829049320343045702e-03
1.365007806546013683e-03 5.606721339451327564e-03
1.380829765218092317e-03 5.381816329982595272e-03
1.396835117988739789e-03 5.191384848218162651e-03
1.413025990599533653e-03 5.003401259773284683e-03
1.429404533431761007e-03 4.813238732458503637e-03
1.445972921792019680e-03 4.620872009948847996e-03
1.462733356201129922e-03 4.428244239112612973e-03
1.479688062686396275e-03 4.272518854641195810e-03
1.496839293077255632e-03 4.114988439762269981e-03
1.514189325304352018e-03 3.955632072165817317e-03
1.531740463702079740e-03 3.794428587028973038e-03
1.549495039314631537e-03 3.640527343039477639e-03
1.567455410205594903e-03 3.495485470765424471e-03
1.585623961771137104e-03 3.348762401872687824e-03
1.604003107056819902e-03 3.200338649422590845e-03
1.622595287078087110e-03 3.033396900789478001e-03
1.641402971144466415e-03 2.855101557527267922e-03
1.660428657187529473e-03 2.674739572932318971e-03
1.679674872092653225e-03 2.514013361112205948e-03
1.699144172034625999e-03 2.374323995150415863e-03
1.718839142817145697e-03 2.233015474071286220e-03
1.738762400216250364e-03 2.105767488535154747e-03
1.758916590327732569e-03 1.977932057438223836e-03
1.779304389918577242e-03 1.858582974313747202e-03
1.799928506782476562e-03 1.748836033472081367e-03
1.820791680099462413e-03 1.637817003522899165e-03
1.841896680799710861e-03 1.532162645443200296e-03
1.863246311931559835e-03 1.429675781042875167e-03
1.884843409033795311e-03 1.326000979895817838e-03
1.906690840512251977e-03 1.232194753027008411e-03
1.928791508020777801e-03 1.139734457774464488e-03
1.951148346846616304e-03 1.052772779809814374e-03
1.973764326300255292e-03 9.698502120562299631e-04
1.996642450109793483e-03 8.906922724727088948e-04
2.019785756819878538e-03 8.117689579761307520e-04
2.043197320195270540e-03 7.465749505239205981e-04
2.066880249629082268e-03 6.885639069972728605e-04
2.090837690555750073e-03 6.316404415848285350e-04
2.115072824868794756e-03 5.854031048528732023e-04
2.139588871343421454e-03 5.390248438843377697e-04
2.164389086064020130e-03 4.959146852867846438e-04
2.189476762856620851e-03 4.558871438948597127e-04
2.214855233726359396e-03 4.190655869189980893e-04
2.240527869300018224e-03 3.850644856002105533e-04
2.266498079273692682e-03 3.534796478432595829e-04
2.292769312865648810e-03 3.227968800733176926e-04
2.319345059274427381e-03 2.928885882992455190e-04
2.346228848142262267e-03 2.652699467368435410e-04
2.373424250023866040e-03 2.346123110855950918e-04
2.400934876860651764e-03 2.061103158574842549e-04
2.428764382460450386e-03 1.864803755554271872e-04
2.456916462982790088e-03 1.658639476528780791e-04
2.485394857429798314e-03 1.449461500598464569e-04
2.514203348142796720e-03 1.263760931803333877e-04
2.543345761304648036e-03 1.133059639448286485e-04
2.572825967447932034e-03 1.006362737180912191e-04
2.602647881969004373e-03 8.859451841034259338e-05
2.632815465648019864e-03 7.758146401074184550e-05
2.663332725174980854e-03 6.649335206496388110e-05
2.694203713681882304e-03 5.655611867649243960e-05
2.725432531281027707e-03 4.883749410687578292e-05
2.757023325609582638e-03 4.345323265586038949e-05
2.788980292380439669e-03 3.951572649145635910e-05
2.821307675939470957e-03 3.676258278265663072e-05
2.854009769829237483e-03 3.816264146808349668e-05
2.887090917359234725e-03 3.957892839085309905e-05
2.920555512182745027e-03 4.140382914453045581e-05
2.954407998880379926e-03 4.446285304734609470e-05
2.988652873550382699e-03 4.755733443951463480e-05
3.023294684405776565e-03 4.844209570364055013e-05
3.058338032378431822e-03 4.918139275699922122e-05
3.093787571730136510e-03 4.789859762218101179e-05
3.129648010670750373e-03 4.353226369565494117e-05
3.165924111983520629e-03 3.921450388713312369e-05
3.202620693657650189e-03 3.520252151534076547e-05
3.239742629528195514e-03 3.316699391182269756e-05
3.277294849923382148e-03 3.110787227941754559e-05
3.315282342319423366e-03 3.143710192231756798e-05
3.353710152002928671e-03 3.270048737897246190e-05
3.392583382740991908e-03 3.397851687823741449e-05
3.431907197459042706e-03 3.451107583245143829e-05
3.471686818926559247e-03 3.465621001272539882e-05
3.511927530450727804e-03 3.480302645957042743e-05
3.552634676578139260e-03 3.359401330594714803e-05
3.593813663804625805e-03 3.177531914034570809e-05
3.635469961293317630e-03 3.003864014646578977e-05
3.677609101601030626e-03 2.999085957591297009e-05
3.720236681413065759e-03 2.994252517540475680e-05
3.763358362286532872e-03 2.989363052543598062e-05
3.806979871402283930e-03 2.984416913209227059e-05
3.851107002325568872e-03 2.979413442618756788e-05
3.895745615775501273e-03 2.974351976239163778e-05
3.940901640403447412e-03 3.059088963434439929e-05
3.986581073580438943e-03 3.152903945740852769e-05
4.032789982193705006e-03 3.198489665793836619e-05
4.079534503452449112e-03 3.142298271808298708e-05
4.126820845702951907e-03 3.085455557069061448e-05
4.174655289253134671e-03 3.093791353271010947e-05
4.223044187206672490e-03 3.118285752775616139e-05
4.271993966306776754e-03 3.483356681457378245e-05
4.321511127789762381e-03 3.931587489278804380e-05
4.371602248248502090e-03 4.366974897530790577e-05
4.422273980505896963e-03 4.744144568401458467e-05
4.473533054498463057e-03 5.072752493736768707e-05
4.525386278170166754e-03 5.374570360747477500e-05
4.577840538376616412e-03 5.529714557402351434e-05
4.630902801799736956e-03 5.560725618243704446e-05
4.684580115873045354e-03 5.573934588900384302e-05
4.738879609717651029e-03 5.547903118428226343e-05
4.793808495089106961e-03 5.508313908634909453e-05
4.849374067335232921e-03 5.388480456887552710e-05
4.905583706365045267e-03 5.260253947008349559e-05
4.962444877628913002e-03 4.806253935366918410e-05
5.019965133110078880e-03 3.898915423259931664e-05
5.078152112327670442e-03 3.109748719407939485e-05
5.137013543351338918e-03 2.302713463851252589e-05
5.196557243827657803e-03 1.706843614031732241e-05
5.256791122018419048e-03 1.577149640497812631e-05
5.317723177850966487e-03 1.727041616240888126e-05
5.379361503980697491e-03 2.046414968812365761e-05
5.441714286865887221e-03 2.476442862083282531e-05
5.504789807854967333e-03 2.897280868051947003e-05
5.568596444286409188e-03 3.198532858614857162e-05
5.633142670601352063e-03 3.624307002796614454e-05
5.698437059469135986e-03 4.079259447367233356e-05
5.764488282925873605e-03 4.414426897526902186e-05
5.831305113526218976e-03 4.243037443718217970e-05
5.898896425508493718e-03 3.707262755393173293e-05
5.967271195973310183e-03 2.855116998019490934e-05
6.036438506075864248e-03 2.261200168218671788e-05
6.106407542232036509e-03 2.018093043139691640e-05
6.177187597338488351e-03 1.831906882081877979e-05
6.248788072006888211e-03 1.244661915426249149e-05
6.321218475812448445e-03 9.804538902491963281e-06
6.394488428556942793e-03 1.545264653793491835e-05
6.468607661546327617e-03 2.536845113225680732e-05
6.543586018883235794e-03 3.906006931780630525e-05
6.619433458774394430e-03 4.487656530606813285e-05
6.696160054853222271e-03 4.627210509670134773e-05
6.773775997517751668e-03 4.379407868760227938e-05
6.852291595284064167e-03 3.847402771032279022e-05
6.931717276155407136e-03 2.853741349579101450e-05
7.012063589007183975e-03 1.913857603661197021e-05
7.093341204987996598e-03 2.357659216058452989e-05
7.175560918936928385e-03 3.002185777451978855e-05
7.258733650817253240e-03 2.434149378887626630e-05
7.342870447166765027e-03 2.153424762644592661e-05
7.427982482564918221e-03 2.181428422826249937e-05
7.514081061116969704e-03 1.332944149972462281e-05
7.601177617955329896e-03 9.463690756186308759e-06
7.689283720758313158e-03 9.234039870933489618e-06
7.778411071286490432e-03 1.279799571995903478e-05
7.868571506936851423e-03 1.578173571620273267e-05
7.959777002314986222e-03 2.828655158239299730e-05
8.052039670825477183e-03 3.405825193209895992e-05
8.145371766280745662e-03 3.389105363721691251e-05
8.239785684528520143e-03 3.118998707021198636e-05
8.335293965098196367e-03 2.643461593712528954e-05
8.431909292866260341e-03 2.083911183871258176e-05
8.529644499741025759e-03 1.650789367395677642e-05
8.628512566366895731e-03 1.715417522519332197e-05
8.728526623848379545e-03 1.453807329213586480e-05
8.829699955494091715e-03 1.357244408290220898e-05
8.932045998580969218e-03 9.172091008614091496e-06
9.035578346138930725e-03 8.495300275536693676e-06
9.140310748756232812e-03 1.023703050471895998e-05
9.246257116405743465e-03 1.626981496931839550e-05
9.353431520292386156e-03 1.619900241136854128e-05
9.461848194722002545e-03 2.130141631824639510e-05
9.571521538991866265e-03 3.449992265044000018e-05
9.682466119303123619e-03 3.331226985257313030e-05
9.794696670695395360e-03 1.877804880625856681e-05
9.908228099003798042e-03 9.426415361714013410e-06
1.002307548283865382e-02 1.171047146919759044e-05
1.013925407558815411e-02 1.590027949638912036e-05
1.025677930744421824e-02 2.619726178291421743e-05
1.037566678745185933e-02 2.918570784514742472e-05
1.049593230558227772e-02 3.301269942158103094e-05
1.061759183483000114e-02 2.830250858075395489e-05
1.074066153333433360e-02 1.751604224680587967e-05
1.086515774652538346e-02 1.705178199121580996e-05
1.099109700929497280e-02 2.051462813530207329e-05
1.111849604819271052e-02 1.730424830372007949e-05
1.124737178364751920e-02 1.571400068036287966e-05
1.137774133221491381e-02 1.319684521557253140e-05
1.150962200885032385e-02 8.676462070928189408e-06
1.164303132920876775e-02 1.966802944453933813e-05
1.177798701197119331e-02 2.282741198499024804e-05
1.191450698119776025e-02 1.355618307696137215e-05
1.205260936870842549e-02 1.440148224026163582e-05
1.219231251649110712e-02 2.624299233592277460e-05
1.233363497913776002e-02 2.929709816658558581e-05
1.247659552630869806e-02 2.325052995118061824e-05
1.262121314522547319e-02 1.496164525759496800e-05
1.276750704319265690e-02 1.546284680164322268e-05
1.291549665014883955e-02 8.674592176467540503e-06
1.306520162124721190e-02 1.635672432954040541e-05
1.321664183946605169e-02 2.610317149779328242e-05
1.336983741824946531e-02 3.527985960382637134e-05
1.352480870417875451e-02 2.108325579310498069e-05
1.368157627967471826e-02 1.741625209845777144e-05
1.384016096573131502e-02 1.652804078413550040e-05
1.400058382468097502e-02 1.830485198584000815e-05
1.416286616299198761e-02 1.068150806991713474e-05
1.432702953409830879e-02 8.128141922876666792e-06
1.449309574126216547e-02 1.664848358211431460e-05
1.466108684046984502e-02 2.303501770171965300e-05
1.483102514336104467e-02 2.522576724579956737e-05
1.500293322019218348e-02 2.392012640403174380e-05
1.517683390283405299e-02 1.701724259942051919e-05
1.535275028780422671e-02 1.023539539698926513e-05
1.553070573933460104e-02 2.058282394385038363e-05
1.571072389247450338e-02 5.781733398995552845e-06
1.589282865622978005e-02 5.088247063326076330e-06
1.607704421673823714e-02 4.386722449714165962e-06
1.626339504048192330e-02 3.965504880436295978e-06
1.645190587753662601e-02 3.656128678168739212e-06
1.664260176485903714e-02 3.438407083927494244e-06
1.683550802961202367e-02 3.393104138984893216e-06
1.703065029252844378e-02 3.370982485173192710e-06
1.722805447131393886e-02 3.538537785563909894e-06
1.742774678408919031e-02 3.708035238245153821e-06
1.762975375287205784e-02 4.006126373014438860e-06
1.783410220710008112e-02 4.310457094282633785e-06
1.804081928719382735e-02 4.577307609909094375e-06
1.824993244816152521e-02 4.832495137604362603e-06
1.846146946324547441e-02 4.863061238685622636e-06
1.867545842761075825e-02 4.851323894578936958e-06
1.889192776207666499e-02 4.622563056958233375e-06
1.911090621689138028e-02 4.361895585185311414e-06
1.933242287555045347e-02 4.062286726806667986e-06
1.955650715865949255e-02 3.803474223755695132e-06
1.978318882784164262e-02 3.574865113755779377e-06
2.001249798969037194e-02 3.494725777416062571e-06
2.024446509976803726e-02 3.467704930985824959e-06
2.047912096665085308e-02 3.494722188350742571e-06
2.071649675602068794e-02 3.482449953627896783e-06
2.095662399480432980e-02 3.408491618822155950e-06
2.119953457536070951e-02 3.264715800741800100e-06
2.144526075971667570e-02 2.986115977791047377e-06
2.169383518385184506e-02 2.642161655085719957e-06
2.194529086203313509e-02 2.278357496222696870e-06
2.219966119119954825e-02 1.952560929247059384e-06
2.245697995539773853e-02 1.772803668102649975e-06
2.271728133026905058e-02 1.718383035038205325e-06
2.298059988758851049e-02 1.808846236406456336e-06
2.324697059985647921e-02 2.086311964568928767e-06
2.351642884494348565e-02 2.605557130830806137e-06
2.378901041078893344e-02 3.394925714168387387e-06
2.406475150015424322e-02 4.087431829844713114e-06
2.434368873543110365e-02 4.268177304581856474e-06
2.462585916350546605e-02 4.328977624835961075e-06
2.491130026067788633e-02 4.528557837175277781e-06
2.520004993764092191e-02 4.760989834096421146e-06
2.549214654451423256e-02 4.546384281907577428e-06
2.578762887593800956e-02 3.981100824469325192e-06
2.608653617622547910e-02 3.915378273803493853e-06
2.638890814457510448e-02 4.600006296244096233e-06
2.669478494034320873e-02 4.998042153472405694e-06
2.700420718837772543e-02 3.917094687491690814e-06
2.731721598441376117e-02 2.289127157630364005e-06
2.763385290053169824e-02 1.876112591413618428e-06
2.795415999067856622e-02 2.628972489365970953e-06
2.827817979625341094e-02 3.345490181271898685e-06
2.860595535175742068e-02 3.992529532438284785e-06
2.893753019050950351e-02 4.341553657822077656e-06
2.927294835042815874e-02 9.431390776335515282e-06
2.961225437988034351e-02 9.237476552848725037e-06
2.995549334359813229e-02 9.129092198861855437e-06
3.030271082866396390e-02 9.074957106268669935e-06
3.065395295056526706e-02 9.092148155233495678e-06
3.100926635931926592e-02 9.171503661907813308e-06
3.136869824566876352e-02 9.345259533652516674e-06
3.173229634734976018e-02 9.631267494669685893e-06
3.210010895543171511e-02 1.011672382411280708e-05
3.247218492073129098e-02 1.088787507174851144e-05
3.284857366030043829e-02 1.199962898505245915e-05
3.322932516398971470e-02 1.434701329236645818e-05
3.361449000108764767e-02 1.972509510805653000e-05
3.400411932703706341e-02 5.155281909069817526e-04
3.439826489022924233e-02 5.133166635928883108e-04
3.479697903887691429e-02 5.110795022175111798e-04
3.520031472796678745e-02 5.088164096535691388e-04
3.560832552629277642e-02 5.065270853297455453e-04
3.602106562357069997e-02 5.042112251907677947e-04
3.643858983763544751e-02 5.018685216570243669e-04
3.686095362172157885e-02 4.994986635837142573e-04
3.728821307182833555e-02 4.971013362195218516e-04
3.772042493416997294e-02 4.946762211648137765e-04
3.815764661271248137e-02 4.979381183714772950e-04
3.859993617679767508e-02 5.018665785375801564e-04
3.904735236885559929e-02 5.058405739263349731e-04
3.949995461220642823e-02 5.098606323416179789e-04
3.995780301895269365e-02 5.139272877051387529e-04
4.042095839796307905e-02 5.180410801273539799e-04
4.088948226294862598e-02 5.222025559792005433e-04
4.136343684063275433e-02 5.264122679646624772e-04
4.184288507901582493e-02 5.306707751941779592e-04
4.232789065573550752e-02 5.349786432588967506e-04
4.281851798652413360e-02 5.393364443057991437e-04
4.331483223376400571e-02 5.437447571136853073e-04
4.381689931514192587e-02 5.522353785930581493e-04
4.432478591240398419e-02 5.626946844040349406e-04
4.483855948021188420e-02 5.732752252024500474e-04
4.535828825510188761e-02 5.839784062366485664e-04
4.588404126454759258e-02 5.948056490433663692e-04
4.641588833612779463e-02 6.057583916365314423e-04
4.695390010680060289e-02 6.168380886982527140e-04
4.749814803228501886e-02 6.280462117720223870e-04
4.804870439655131720e-02 6.393842494581586681e-04
4.860564232142136620e-02 6.508537076115129610e-04
4.916903577628028987e-02 6.624561095414692805e-04
4.973895958790065103e-02 6.848700673679008295e-04
5.031548945038054332e-02 7.076043589920936712e-04
5.089870193519682035e-02 7.306021663418313774e-04
5.148867450137494667e-02 7.538665438574621664e-04
5.208548550577662972e-02 7.774005813836943647e-04
5.268921421350674511e-02 8.077234652916835374e-04
5.329994080844090154e-02 8.419356415441954077e-04
5.391774640387502621e-02 8.765443749710722472e-04
5.454271305329833758e-02 9.115542621110244749e-04
5.517492376129125992e-02 9.469699527817592843e-04
5.581446249454963954e-02 9.827961506975431763e-04
5.646141419303669917e-02 1.019037614093921962e-03
5.711586478126431943e-02 1.078659668980768609e-03
5.777790117970504208e-02 1.145588144658691394e-03
5.844761131633634255e-02 1.213292395809165971e-03
5.912508413831878140e-02 1.281781414532756928e-03
5.981040962380940879e-02 1.351064297158472653e-03
6.050367879391221199e-02 1.421150245451893767e-03
6.120498372476699395e-02 1.505053758579930111e-03
6.191441755977844519e-02 1.596407697873602431e-03
6.263207452198689407e-02 1.688820530929716155e-03
6.335804992658250478e-02 1.782304531504704361e-03
6.409244019356453992e-02 1.876872115621491897e-03
6.483534286054723483e-02 1.972535843218511595e-03
6.558685659571432403e-02 2.069308419817859901e-03
6.634708121092347533e-02 2.167202698212759328e-03
6.711611767496283854e-02 2.053559436737327232e-03
6.789406812696109628e-02 1.358963101532370760e-03
6.868103588995304321e-02 6.563156222557943974e-04
6.947712548460235893e-02 9.405228822759061200e-05
7.028244264308348976e-02 6.978342808753681980e-05
7.109709432312434629e-02 4.523326486605536341e-05
7.192118872221189840e-02 4.038306053719900867e-05
7.275483529196229149e-02 3.711608932040753091e-05
7.359814475265767653e-02 3.381125027361017764e-05
7.445122910795139159e-02 3.046810446653973494e-05
7.531420165974371528e-02 2.708620788123888962e-05
7.618717702322995444e-02 2.366511135308841309e-05
7.707027114212298968e-02 2.219385970044810091e-05
7.796360130405233235e-02 2.115660352354325325e-05
7.886728615614152504e-02 2.010732439388704300e-05
7.978144572076624474e-02 1.904588295208488121e-05
8.070620141149503768e-02 1.797213822341174410e-05
8.164167604921468424e-02 1.688594759908882152e-05
8.258799387844267814e-02 1.578716681734290819e-05
8.354528058382866551e-02 1.467564994424638966e-05
8.451366330684717543e-02 1.355124935433511424e-05
8.549327066268380682e-02 1.284389593447749178e-05
8.648423275731721704e-02 1.235795393424041597e-05
8.748668120479910493e-02 1.186637932574431059e-05
8.850074914473433918e-02 1.136910682079475226e-05
8.952657125996396625e-02 8.441295844865418361e-06
9.056428379445288779e-02 7.895371285103602036e-06
9.161402457138516364e-02 7.391968092547669054e-06
9.267593301146878626e-02 6.900684816502135354e-06
9.375015015145284070e-02 6.450187664750158450e-06
9.483681866285922912e-02 6.018316173522111693e-06
9.593608287093141618e-02 5.606717198771137903e-06
9.704808877380301235e-02 5.253190843981220627e-06
9.817298406188836035e-02 4.905434655088312189e-06
9.931091813749795549e-02 4.692027311100908518e-06
1.004620421346813092e-01 4.495252778754511102e-06
1.016265089392995175e-01 4.296197410720902301e-06
1.028044732093309765e-01 4.098280285519519780e-06
1.039960913954120353e-01 3.982821774531151288e-06
1.052015217616159015e-01 3.866024970984721191e-06
1.064209244064724669e-01 3.747874362580997795e-06
1.076544612842315896e-01 3.628400675448813826e-06
1.089022962263730548e-01 3.524564884119528404e-06
1.101645949633656973e-01 3.419525520480094751e-06
1.114415251466788076e-01 3.313268633788797883e-06
1.127332563710487096e-01 3.207302400927901728e-06
1.140399601970033122e-01 3.109089152559655471e-06
1.153618101736478552e-01 3.009737503407706549e-06
1.166989818617147484e-01 2.909234258140814991e-06
1.180516528568805595e-01 2.818160322403693607e-06
1.194200028133532432e-01 2.729000537884155630e-06
1.208042134677328877e-01 2.638807292296398242e-06
1.222044686631488658e-01 2.551051303777995188e-06
1.236209543736769140e-01 2.465214765473066429e-06
1.250538587290391246e-01 2.378383286219741630e-06
1.265033720395903893e-01 2.294000845553048956e-06
1.279696868215941530e-01 2.213393031838469529e-06
1.294529978227915989e-01 2.131850883909005790e-06
1.309535020482667789e-01 2.050693071090608038e-06
1.324713987866117382e-01 1.979030386978713885e-06
1.340068896363950657e-01 1.906537052653016475e-06
1.355601785329368925e-01 1.833203439953670754e-06
1.371314717753945589e-01 1.767124929680861068e-06
1.387209780541620863e-01 1.700928858779150203e-06
1.403289084785873109e-01 1.637371233485383472e-06
1.419554766050101502e-01 1.576570207243519112e-06
1.436008984651260534e-01 1.515064429483161292e-06
1.452653925946781333e-01 1.452409977796519227e-06
1.469491800624817268e-01 1.386612795610867378e-06
1.486524844997857142e-01 1.320052950902489755e-06
1.503755321299738434e-01 1.214382823731300317e-06
1.521185517986104740e-01 1.105991649186979948e-06
1.538817750038346255e-01 9.963441003744429681e-07
1.556654359271062160e-01 8.854256145185503738e-07
1.574697714643086832e-01 7.922961393203300638e-07
1.592950212572122881e-01 7.217976931720484990e-07
1.611414277253019889e-01 6.504820916228554077e-07
1.630092360979741029e-01 5.783398629327965204e-07
1.648986944471065030e-01 5.060194047371531693e-07
1.668100537200059019e-01 4.687186988302787609e-07
1.687435677727375793e-01 4.309856362552088782e-07
1.706994934038408018e-01 3.928152055172829313e-07
1.726780903884355955e-01 3.587940416252272517e-07
1.746796215127245644e-01 3.246123905856667242e-07
1.767043526088946659e-01 2.900345361929106954e-07
1.787525525904235524e-01 8.033222721259516874e-08
1.808244934877951682e-01 7.070496348546598346e-08
1.829204504846293766e-01 5.793259879433204380e-08
1.850407019542302245e-01 4.501218819069940297e-08
1.871855294965579231e-01 3.137857316977059406e-08
1.893552179756295140e-01 2.135354300953469295e-08
1.915500555573527997e-01 1.426573440414145993e-08
1.937703337477988952e-01 1.476770543381873904e-08
1.960163474319185639e-01 1.193038430473504160e-08
1.982883949127071388e-01 1.240409096438802901e-08
2.005867779508233861e-01 1.260306844223099386e-08
2.029118018046678074e-01 1.267260018805753557e-08
2.052637752709252084e-01 1.725007919267696115e-08
2.076430107255774760e-01 2.181088602950195170e-08
2.100498241653915299e-01 2.444402720959756070e-08
2.124845352498882789e-01 2.325037592265552948e-08
2.149474673437980488e-01 1.758469192784562682e-08
2.174389475600080057e-01 1.555531826722976753e-08
2.199593068030074872e-01 1.306857738039503404e-08
2.225088798128369294e-01 7.503176994403181422e-09
2.250880052095461659e-01 5.395704775083774125e-09
2.276970255381680075e-01 3.866935124458101970e-09
2.303362873142131284e-01 4.289563829198894729e-09
2.330061410696924740e-01 6.376984780486177297e-09
2.357069413996727703e-01 6.114090094854091168e-09
2.384390470093720460e-01 1.007847402707677288e-08
2.412028207618006903e-01 1.369189577078339775e-08
2.439986297259550130e-01 1.359093582945907149e-08
2.468268452255692469e-01 1.017408389713215250e-08
2.496878428884326817e-01 6.953054519793063365e-09
2.525820026962784515e-01 5.443223396106923659e-09
2.555097090352507205e-01 2.823303152997294463e-09
2.584713507469563742e-01 2.374309296280717235e-09
2.614673211801092356e-01 6.986047913948164371e-09
2.644980182427719706e-01 8.397380162009345886e-09
2.675638444552045359e-01 5.759283309170015710e-09
2.706652070033241375e-01 8.530363816212132308e-09
2.738025177927857490e-01 4.833617987829162548e-09
2.769761935036890721e-01 4.560182191174282451e-09
2.801866556459195468e-01 4.283576969514360767e-09
2.834343306151309028e-01 1.483739340867443260e-09
2.867196497493769702e-01 3.206623373047522548e-09
2.900430493863991877e-01 3.651461361201572052e-09
2.934049709215786894e-01 3.444462129751675925e-09
2.968058608665602449e-01 3.235063546979792862e-09
3.002461709085549324e-01 3.023237801735492461e-09
3.037263579703311511e-01 2.952516450914349072e-09
3.072468842709003556e-01 2.898693285149607296e-09
3.108082173869063936e-01 2.844246249030244903e-09
3.144108303147264971e-01 2.789168111204967909e-09
3.180552015332919757e-01 2.733451556503078479e-09
3.217418150676371602e-01 2.677089184962914489e-09
3.254711605531848129e-01 2.620073510849027024e-09
3.292437333007768863e-01 2.562396961657968420e-09
3.330600343624588455e-01 5.979600764362442587e-09
3.369205705980267140e-01 6.590765287969161465e-09
3.408258547423451690e-01 1.082613065099189701e-08
3.447764054734464012e-01 7.664755969650476432e-09
3.487727474814177331e-01 4.569626119651578448e-09
3.528154115380883193e-01 1.164556292459265383e-08
3.569049345675229801e-01 9.953715385121860920e-09
3.610418597173337130e-01 6.336570083687504700e-09
3.652267364308175446e-01 6.562552261528332798e-09
3.694601205199302685e-01 7.067259773819911243e-09
3.737425742391063954e-01 8.982164124430810818e-09
3.780746663599349189e-01 8.123485938113783094e-09
3.824569722466998889e-01 1.133928792147085579e-07
3.868900739327975624e-01 2.124545323307693060e-07
3.913745601980384015e-01 3.349956578475420048e-07
3.959110266468458539e-01 8.068871633486247585e-07
4.005000757873611317e-01 8.762979736524874101e-07
4.051423171114647559e-01 9.160313809052856339e-07
4.098383671757261371e-01 8.961910908550697712e-07
4.145888496832911274e-01 8.761208297763282773e-07
4.193943955667186474e-01 8.558179320490615899e-07
4.242556430717777105e-01 8.352797011557692794e-07
4.291732378422157268e-01 8.145034093233139309e-07
4.341478330055092427e-01 7.934862971606334003e-07
4.391800892596086081e-01 7.722255732922544334e-07
4.442706749606882832e-01 7.507184139875573563e-07
4.494202662119142211e-01 7.298882204568558308e-07
4.546295469532399269e-01 7.145829328746011485e-07
4.598992090522438514e-01 6.991002399863623762e-07
4.652299523960189420e-01 6.834380854673290136e-07
4.706224849841281754e-01 6.675943891575985768e-07
4.760775230226367838e-01 6.515670467859018732e-07
4.815957910192351088e-01 6.367178863658296729e-07
4.871780218794630746e-01 6.223191372761734211e-07
4.928249570040513228e-01 6.077534906699361258e-07
4.985373463873893907e-01 5.930190120192731909e-07
5.043159487171359201e-01 5.781137443730108724e-07
5.101615314749833319e-01 5.630357080967347488e-07
5.160748710385907323e-01 5.477829006098650821e-07
5.220567527846975420e-01 5.323532961196865669e-07
5.281079711934331122e-01 5.167448453522931850e-07
5.342293299538352080e-01 5.009554752804149199e-07
5.404216420705915125e-01 4.849830888480898036e-07
5.466857299720180308e-01 4.734111542545057192e-07
5.530224256192900478e-01 4.629653577321996994e-07
5.594325706169377410e-01 4.523984828101364571e-07
5.659170163246242113e-01 4.417091260549963756e-07
5.724766239702178128e-01 4.308958677661069065e-07
5.791122647641758769e-01 4.223843824252895401e-07
5.858248200152536000e-01 4.149503616896826865e-07
5.926151812475553005e-01 4.074301723854550263e-07
5.994842503189409255e-01 3.998228157230576947e-07
6.064329395408061263e-01 3.921272813358598810e-07
6.134621717992505552e-01 3.843425471459576871e-07
6.205728806776500406e-01 3.764675792284275157e-07
6.277660105806499580e-01 3.685013316740063061e-07
6.350425168595962289e-01 3.604427464501789255e-07
6.424033659394190465e-01 3.526499435684785157e-07
6.498495354469888685e-01 3.470776586833207316e-07
6.573820143409585537e-01 3.414407848187160045e-07
6.650018030431118499e-01 3.357385733165550845e-07
6.727099135712336642e-01 3.299702668409485456e-07
6.805073696735206568e-01 3.241350992776418347e-07
6.883952069645495886e-01 3.182322956322640627e-07
6.963744730628221857e-01 3.122610719273974072e-07
7.044462277299037289e-01 3.062206350984540002e-07
7.126115430111745752e-01 3.001101828883454213e-07
7.208715033782135961e-01 2.939206870803805462e-07
7.292272058728312967e-01 2.876352832924408137e-07
7.376797602527730424e-01 2.812770246838229786e-07
7.462302891391108250e-01 2.748450667861243945e-07
7.548799281653431059e-01 2.683385553426148004e-07
7.636298261282241651e-01 2.617566261947777400e-07
7.724811451403400531e-01 2.557222441440795137e-07
7.814350607844542385e-01 2.497712586654828202e-07
7.904927622696420464e-01 2.437512946463613438e-07
7.996554525892346499e-01 2.376615525487107659e-07
8.089243486805938188e-01 2.315012235669921729e-07
8.183006815867389649e-01 2.252694895207107820e-07
8.277856966198472444e-01 2.189655227457498461e-07
8.373806535266489215e-01 2.125884859844451004e-07
8.470868266557401993e-01 2.061375322743845565e-07
8.569055051268347212e-01 1.996118048359199326e-07
8.668379930019773916e-01 1.937127458945720199e-07
8.768856094587426098e-01 1.882515015492270688e-07
8.870496889654403416e-01 1.827269553077933910e-07
8.973315814583520122e-01 1.771383734308895885e-07
9.077326525210223096e-01 1.714850136742785635e-07
9.182542835656282154e-01 1.662842738294374984e-07
9.288978720164497993e-01 1.616061986774624320e-07
9.396648314954690884e-01 1.568738994314093218e-07
9.505565920101191058e-01 1.520867475737184829e-07
9.615746001432096124e-01 1.472441073016125598e-07
9.727203192450537550e-01 1.423453354426530847e-07
9.839952296278225985e-01 1.373897813693174701e-07
9.954008287621518569e-01 1.323767869125865337e-07
1.006938631476027135e+00 1.273056862745301952e-07
1.018610170155975325e+00 1.241121812732406143e-07
1.030416994950587473e+00 1.209745842975444195e-07
1.042360673976401086e+00 1.178006190831897707e-07
1.054442793526168431e+00 1.145898640818409640e-07
1.066664958279538888e+00 1.113418928589483027e-07
1.079028791516183583e+00 1.080562740371113717e-07
1.091535935331391149e+00 1.047325712387857556e-07
1.104188050854160164e+00 1.013703430283261323e-07
1.116986818467822662e+00 9.816227729435962069e-08
1.129933938033221619e+00 9.674191454581987789e-08
1.143031129114478572e+00 9.530508821326324927e-08
1.156280131207375383e+00 9.385160746543980294e-08
1.169682703970384763e+00 9.238127925915314955e-08
1.183240627458377991e+00 9.089390831362158884e-08
1.196955702359042695e+00 8.958009096246807400e-08
1.210829750232039315e+00 8.835667528619648547e-08
1.224864613750930697e+00 8.711907886152482649e-08
1.239062156947915661e+00 8.586713731780699131e-08
1.253424265461399401e+00 8.460068437915826759e-08
1.267952846786433829e+00 8.331955184237145374e-08
1.282649830528059809e+00 8.202356955457714576e-08
1.297517168657586817e+00 8.071256539064491148e-08
1.312556835771842678e+00 7.938636523032263889e-08
1.327770829355429116e+00 7.804479293511080296e-08
1.343161170046015318e+00 7.668767032486879203e-08
1.358729901902709258e+00 7.531481715414995872e-08
1.374479092677536762e+00 7.400985480102516036e-08
1.390410834090069603e+00 7.282746664054676649e-08
1.406527242105236386e+00 7.163137328620812271e-08
1.422830457214351974e+00 7.042141587956916592e-08
1.439322644719406519e+00 6.919743372084379515e-08
1.456005995020648536e+00 6.795926424755669273e-08
1.472882723907501745e+00 6.747784704682804906e-08
1.489955072852853668e+00 6.705060556927872647e-08
1.507225309310755490e+00 6.661841188781646203e-08
1.524695727017572944e+00 6.618120860088993961e-08
1.542368646296627288e+00 6.573893764160002195e-08
1.560246414366367906e+00 6.529154026998762154e-08
1.578331405652116493e+00 6.483895706523223600e-08
1.596626022101425235e+00 6.438112791775989068e-08
1.615132693503091188e+00 6.391799202125982663e-08
1.633853877809862132e+00 6.405661782025669009e-08
1.652792061464895657e+00 6.714828062024548398e-08
1.671949759731990115e+00 7.027577923070719016e-08
1.691329517029648732e+00 7.343952902854261472e-08
1.710933907269015064e+00 7.663995020533286390e-08
1.730765534195725763e+00 7.987746782314683766e-08
1.750827031735725070e+00 8.315251187099551247e-08
1.771121064345088758e+00 8.646551732194082162e-08
1.791650327363901285e+00 1.805779533928567982e-07
1.812417547374237659e+00 1.964396936435641169e-05
1.833425482562290654e+00 1.992659130258817707e-05
1.854676923084699336e+00 2.021248914342290505e-05
1.876174691439121522e+00 2.072188990190608498e-05
1.897921642839101475e+00 2.129086367800676218e-05
1.919920665593284781e+00 2.186643249299864263e-05
1.942174681489026389e+00 2.244867279071762714e-05
1.964686646180446639e+00 2.303766190106871413e-05
1.987459549580983698e+00 3.071032334230229663e-05
2.010496416260499242e+00 3.062153536879862691e-05
2.033800305846982237e+00 3.069462723976144729e-05
2.057374313432913659e+00 3.120837684042552639e-05
2.081221569986339226e+00 3.172808137036585419e-05
2.105345242766706093e+00 3.225380985383596085e-05
2.129748535745521032e+00 3.278563211515722679e-05
2.154434690031884259e+00 3.470165465162305040e-05
2.179406984302955763e+00 3.740988462084264999e-05
2.204668735239409649e+00 4.014950598756339688e-05
2.230223297965938656e+00 4.292088261299664118e-05
2.256074066496861263e+00 5.244144997982770623e-05
2.282224474186898444e+00 5.111795815874534414e-05
2.308677994187169791e+00 4.956318003356265599e-05
2.335438139906479194e+00 4.799038030064784529e-05
2.362508465477947350e+00 4.639935006952319532e-05
2.389892566231050175e+00 4.478987802843806330e-05
2.417594079169130605e+00 4.316175041630361596e-05
2.445616683452446427e+00 4.188059604719508597e-05
2.473964100886814066e+00 4.068597477907303950e-05
2.502640096417919402e+00 3.947750652176721243e-05
2.531648478631355559e+00 3.825503077327201807e-05
2.560993100258459165e+00 3.701838517118512500e-05
2.590677858688009039e+00 3.576740547114330612e-05
2.620706696483852571e+00 3.450192552500858903e-05
2.651083601908538867e+00 3.322177725880122499e-05
2.681812609453015472e+00 3.228009730592142719e-05
2.712897800372467305e+00 3.148041112138683589e-05
2.744343303228365283e+00 3.067145568454346220e-05
2.776153294436801033e+00 2.985312355444755378e-05
2.808331998823172526e+00 2.902530604479534537e-05
2.840883690183304111e+00 2.818789320948790302e-05
2.873812691851066248e+00 2.734077382802874021e-05
2.907123377272578413e+00 2.655303694961205565e-05
2.940820170587063576e+00 2.600707922723827516e-05
2.974907547214440395e+00 2.545479324763499134e-05
3.009390034449721085e+00 2.489610565926247756e-05
3.044272212064302874e+00 2.433094226035507774e-05
3.079558712914226337e+00 2.375922798906614404e-05
3.115254223555488089e+00 2.325104066276707318e-05
3.151363484866479325e+00 2.284368058810214944e-05
3.187891292677645705e+00 2.243159875709627475e-05
3.224842498408442282e+00 2.201501857696534287e-05
3.262222009711670090e+00 2.173440217795375018e-05
3.300034791125285416e+00 2.145053312276936971e-05
3.338285864731760810e+00 2.116337370950947499e-05
3.376980310825091536e+00 2.080276281738029177e-05
3.416123268585528283e+00 2.042916167415655593e-05
3.455719936762139621e+00 2.005123007815475168e-05
3.495775574363275240e+00 1.991804674731997176e-05
3.536295501355042781e+00 1.991804674731997176e-05
3.577285099367873311e+00 1.975964531425897729e-05
3.618749812411280242e+00 1.952975568073556250e-05
3.660695147596902288e+00 1.929720137067088585e-05
3.703126675869927276e+00 1.906195149750010976e-05
3.746050032748993175e+00 1.882397481664877453e-05
3.789470919074667599e+00 1.858323972138303486e-05
3.833395101766601254e+00 1.833971423861185607e-05
3.877828414589457484e+00 1.809336602464051261e-05
3.922776758927719598e+00 1.784416236087488765e-05
3.968246104569481680e+00 1.759207014947596699e-05
4.014242490499322358e+00 1.733705590896396514e-05
4.060772025700365440e+00 1.707908576977152084e-05
4.107840889965646447e+00 1.681812546974529489e-05
4.155455334718875626e+00 1.658698160812003384e-05
4.203621683844713353e+00 1.636464415355574293e-05
4.252346334528682270e+00 1.613972956060403307e-05
4.301635758106795215e+00 1.591220795736464244e-05
4.351496500925049915e+00 1.568204912568875993e-05
4.401935185208874834e+00 1.544922249716561697e-05
4.452958509942654963e+00 1.521369714906257059e-05
4.504573251759458330e+00 1.497544180021809809e-05
4.556786265841063610e+00 1.479630219489771540e-05
4.609604486828433600e+00 1.465198555980240478e-05
4.663034929742731372e+00 1.450599613439393751e-05
4.717084690917017653e+00 1.435831452917206956e-05
4.771760948938745805e+00 1.420892112989067919e-05
4.827070965603183161e+00 1.405779609495271886e-05
4.883022086877879531e+00 1.390491935277496352e-05
4.939621743878320537e+00 1.375027059912221166e-05
4.996877453854883910e+00 1.359382929441059492e-05
5.054796821191240852e+00 1.343557466097962212e-05
5.113387538414325917e+00 1.327548568033261198e-05
5.172657387216019309e+00 1.321356276675049304e-05
5.232614239486661489e+00 1.319324194530462202e-05
5.293266058360561743e+00 1.317268558293689097e-05
5.354620899273607293e+00 1.315189094946604040e-05
5.416686911033152363e+00 1.313085528306497720e-05
5.479472336900286678e+00 1.310957578989395685e-05
5.542985515684669018e+00 1.308804964372952372e-05
5.607234882852032420e+00 1.306627398558915347e-05
5.672228971644543094e+00 1.304424592335152822e-05
5.737976414214133847e+00 1.302196253137243418e-05
5.804485942768978113e+00 1.300036672448151204e-05
5.871766390733255570e+00 1.298815094423519430e-05
5.939826693920356782e+00 1.297579356950914070e-05
6.008675891719686746e+00 1.296329295906584455e-05
6.078323128297229871e+00 1.295064745264403379e-05
6.148777653810022947e+00 1.293785537073816119e-05
6.220048825634711953e+00 1.292491501437534164e-05
6.292146109610343707e+00 1.291182466488970423e-05
6.365079081295570873e+00 1.289858258369413045e-05
6.438857427240419540e+00 1.288518701204933946e-05
6.513490946272802340e+00 1.287163617083031363e-05
6.588989550799949413e+00 1.285792826028998828e-05
6.665363268124913532e+00 1.284406145982023752e-05
6.742622241778342129e+00 1.283003392771005662e-05
6.820776732865684977e+00 1.281584380090096251e-05
6.899837121430018705e+00 1.280148919473955351e-05
6.979813907830660469e+00 1.278696820272719916e-05
7.060717714137773271e+00 1.277958826462626842e-05
7.142559285543126357e+00 1.279643524520160554e-05
7.225349491787214085e+00 1.281347750101942482e-05
7.309099328602910894e+00 1.283071729553697525e-05
7.393819919175865785e+00 1.284815691844749415e-05
7.479522515621821022e+00 1.286579868598431234e-05
7.566218500481054932e+00 1.288364494122847449e-05
7.653919388230147725e+00 1.290169805441994750e-05
7.742636826811269302e+00 1.291996042327241180e-05
7.832382599179195992e+00 1.293843447329171866e-05
7.923168624866253396e+00 1.295712265809802694e-05
8.015006961565404708e+00 1.297602745975168554e-05
8.107909806731687041e+00 1.299515138908288160e-05
8.201889499202202671e+00 1.301449698602511405e-05
8.296958520834905926e+00 1.303406681995254306e-05
8.393129498166365110e+00 1.305386349002122578e-05
8.490415204088746393e+00 1.307388962551433306e-05
8.588828559546250574e+00 1.309414788619134896e-05
8.688382635251183927e+00 1.311464096264133429e-05
8.789090653419954435e+00 1.313537157664026106e-05
8.890965989529158620e+00 1.315634248151251928e-05
8.994022174092044963e+00 1.317755646249658628e-05
9.098272894455558202e+00 1.319901633711495469e-05
9.203731996618220279e+00 1.322072495554833303e-05
9.310413487069075344e+00 1.324268520101419655e-05
9.418331534647951031e+00 1.326489999014971901e-05
9.527500472427290035e+00 1.328737227339913944e-05
9.637934799615786474e+00 1.331010503540563010e-05
9.749649183484086379e+00 1.333310129540769603e-05
9.862658461312820535e+00 1.335636410764017232e-05
9.976977642363200616e+00 1.337989656173987832e-05
1.009262190987048413e+01 1.340370178315595941e-05
1.020960662306047517e+01 1.341822147820116006e-05
1.032794731918952458e+01 1.341773707601076124e-05
1.044765971560805262e+01 1.341724705906021364e-05
1.056875971184805074e+01 1.341675136226819983e-05
1.069126339173477191e+01 1.341624991979904165e-05
1.081518702552289213e+01 1.341574266505394860e-05
1.094054707205743604e+01 1.341522953066217995e-05
1.106736018095974572e+01 1.341471044847208986e-05
1.119564319483879444e+01 1.341418534954208112e-05
1.132541315152812622e+01 1.341365416413144698e-05
1.145668728634872657e+01 1.341311682169110634e-05
1.158948303439811767e+01 1.341257325085423556e-05
1.172381803286599755e+01 1.341202337942679521e-05
1.185971012337670594e+01 1.341146713437792815e-05
1.199717735435885579e+01 1.341090444183027791e-05
1.213623798344241678e+01 1.341033522705015975e-05
1.227691047988360395e+01 1.340975941443764527e-05
1.241921352701784542e+01 1.340917692751651998e-05
1.256316602474121424e+01 1.340858768892412232e-05
1.270878709202059476e+01 1.340799162040107252e-05
1.285609606943296512e+01 1.340738864278088120e-05
1.300511252173409815e+01 1.340677867597942414e-05
1.315585624045705160e+01 1.340616163898432051e-05
1.330834724654076062e+01 1.340553744984415856e-05
1.346260579298911075e+01 1.340490602565762486e-05
1.361865236756082709e+01 1.340426728256248434e-05
1.377650769549054921e+01 1.340362113572444525e-05
1.393619274224143467e+01 1.340296749932589359e-05
1.409772871628967650e+01 1.346296704881748463e-05
1.426113707194129709e+01 1.352929567121154761e-05
1.442643951218158804e+01 1.359639311611143394e-05
1.459365799155757593e+01 1.366426829502508537e-05
1.476281471909391030e+01 1.373293022275473769e-05
1.493393216124253264e+01 1.380238801859421027e-05
1.510703304486655618e+01 1.387265090754007675e-05
1.528214036025870826e+01 1.394372822151688639e-05
1.545927736419478471e+01 1.401562940061656802e-05
1.563846758302247864e+01 1.408836399435222183e-05
1.581973481578601515e+01 1.416194166292641902e-05
1.600310313738701851e+01 1.423637217851422804e-05
1.618859690178199173e+01 1.431166542656109100e-05
1.637624074521689010e+01 1.438783140709576366e-05
1.656605958949915092e+01 1.446488023605845128e-05
1.675807864530768754e+01 1.454282214664436040e-05
1.695232341554121547e+01 1.458161272162349434e-05
1.714881969870540956e+01 1.460188029176836612e-05
1.734759359233932585e+01 1.462238278559329373e-05
1.754867149648152136e+01 1.464312292612501357e-05
1.775208011717635870e+01 1.466410346795317454e-05
1.795784647002096790e+01 1.468532719759618341e-05
1.816599788375328473e+01 1.470679693387129043e-05
1.837656200388172323e+01 1.472851552826897965e-05
1.858956679635688403e+01 1.475048586533167727e-05
1.880504055128583474e+01 1.477271086303686303e-05
1.902301188668945642e+01 1.479519347318462329e-05
1.924350975230332139e+01 1.484710638004915879e-05
1.946656343342263185e+01 1.493685248106968877e-05
1.969220255479173431e+01 1.502763883921879950e-05
1.992045708453871100e+01 1.511947751223360871e-05
2.015135733815558439e+01 1.521238069761382021e-05
2.038493398252464317e+01 1.530636073424172856e-05
2.062121803999144376e+01 1.540143010402098564e-05
2.086024089248504865e+01 1.549760143353440503e-05
2.110203428568596706e+01 1.559488749572092968e-05
2.134663033324245518e+01 1.569330121157206954e-05
2.159406152103567678e+01 1.579285565184800722e-05
2.184436071149428571e+01 1.589356403881356494e-05
2.209756114795903059e+01 1.599543974799431722e-05
2.235369645909796432e+01 1.609798045032918907e-05
2.261280066337279493e+01 1.616709133775901775e-05
2.287490817355704209e+01 1.623700329724093273e-05
2.314005380130653933e+01 1.630772561409099051e-05
2.340827276178294269e+01 1.637926768125238787e-05
2.367960067833078597e+01 1.645163900054297880e-05
2.395407358720879287e+01 1.652484918391725194e-05
2.423172794237600769e+01 1.659890795474294474e-05
2.451260062033339793e+01 1.667382514909243669e-05
2.479672892502160053e+01 1.674961071704912825e-05
2.508415059277541204e+01 1.682627472402895111e-05
2.537490379733571544e+01 1.690382735211720644e-05
2.566902715491951881e+01 1.693796274825362056e-05
2.596655972934872381e+01 1.695954517509904618e-05
2.626754103723838440e+01 1.698137776627610117e-05
2.657201105324506685e+01 1.700346342146762243e-05
2.688001021537607471e+01 1.702580507396700901e-05
2.719157943036018921e+01 1.704840569106778265e-05
2.750676007908067433e+01 1.707126827445769535e-05
2.782559402207125743e+01 1.709439586061741077e-05
2.814812360507581346e+01 1.711779152122376989e-05
2.847439166467247773e+01 1.714145836355776607e-05
2.880444153396297935e+01 1.716539953091723991e-05
2.913831704832788461e+01 1.718961820303434442e-05
2.947606255124858521e+01 1.719899843784812916e-05
2.981772290019673477e+01 1.719831618021507689e-05
3.016334347259197202e+01 1.719762601445723688e-05
3.051297017182870874e+01 1.719692784891064158e-05
3.086664943337274636e+01 1.719622159084884598e-05
3.122442823092858077e+01 1.719550714647059481e-05
3.158635408267819145e+01 1.719478442088738127e-05
3.195247505759213524e+01 1.719405331811082294e-05
3.232283978181380490e+01 1.719331374103993587e-05
3.269749744511767631e+01 1.719256559144821908e-05
3.307649780744242207e+01 1.719180876997062715e-05
3.345989120549975127e+01 1.719104317609035655e-05
3.384772855945983139e+01 1.719030985496500255e-05
3.424006137971425545e+01 1.718962427610598934e-05
3.463694177371734639e+01 1.718893075062548622e-05
3.503842245290675805e+01 1.718822918641330869e-05
3.544455673970435328e+01 1.718751949029161433e-05
3.585539857459816915e+01 1.718680156800252935e-05
3.627100252330648544e+01 1.718607532419562262e-05
3.669142378402494131e+01 1.718534066241524767e-05
3.711671819475766654e+01 1.718459748508772874e-05
3.754694224073336528e+01 1.718384569350840798e-05
3.798215306190736129e+01 1.718308518782851979e-05
3.842240846055060643e+01 1.722147691414889240e-05
3.886776690892667574e+01 1.730012009945638128e-05
3.931828755705770106e+01 1.737967484675040537e-05
3.977403024058036607e+01 1.746015172204825729e-05
4.023505548869292880e+01 1.754156141383910684e-05
4.070142453219438750e+01 1.762391473450361130e-05
4.117319931161679136e+01 1.770722262174994461e-05
4.165044248545184757e+01 1.779142199245825983e-05
4.213321743847289014e+01 1.787643611833694590e-05
4.262158829015324812e+01 1.796243565248930161e-05
4.311561990318228510e+01 1.804943201689321279e-05
4.361537789208005478e+01 1.813743676591999683e-05
4.412092863191190162e+01 1.822646158786897914e-05
4.463233926710397270e+01 1.831651830651987749e-05
4.514967772036101934e+01 1.850371145971434919e-05
4.567301270168746896e+01 1.881244260204512805e-05
4.620241371751313153e+01 1.912475228169365673e-05
4.673795107992463471e+01 1.944068197788757386e-05
4.727969591600390942e+01 1.976027365064492354e-05
4.782772017727485547e+01 2.008356974634699851e-05
4.838209664925957298e+01 2.041061320337588317e-05
4.894289896114531757e+01 2.076027852298325269e-05
4.951020159556351530e+01 2.116667800801645699e-05
5.008407989848212338e+01 2.157778811508838501e-05
5.066461008921268672e+01 2.199366344554773753e-05
5.125186927053332653e+01 2.241435923363356529e-05
5.184593543892913203e+01 2.316296033297432218e-05
5.244688749495119140e+01 2.395960547054832069e-05
5.305480525369573996e+01 2.476548461131450129e-05
5.366976945540476152e+01 2.558070478764015387e-05
5.429186177618942821e+01 2.640537427251672854e-05
5.492116483887789258e+01 2.730096472842401110e-05
5.555776222398877451e+01 2.837518066137124085e-05
5.620173848083187806e+01 2.946184795174989745e-05
5.685317913873753071e+01 3.056111092464129262e-05
5.751217071841613659e+01 3.167311557801497936e-05
5.817880074344935082e+01 3.292123303568232282e-05
5.885315775191450172e+01 3.452025652643457673e-05
5.953533130814370367e+01 3.613781447791668673e-05
6.022541201461928040e+01 3.777412172514296019e-05
6.092349152400711887e+01 3.972789740930585069e-05
6.162966255132942450e+01 4.285731073907709496e-05
6.234401888627863997e+01 4.602299744994846348e-05
6.306665540567405515e+01 4.922537799075102144e-05
6.379766808606282069e+01 5.298261216996854776e-05
6.453715401646701366e+01 5.993740741498774523e-05
6.528521141127846761e+01 6.697281647218575416e-05
6.604193962330305112e+01 7.409279126786180139e-05
6.680743915695614987e+01 8.154821846988695574e-05
6.758181168161110008e+01 8.909006236528728049e-05
6.836516004510238531e+01 9.798498031517685646e-05
6.915758828738525210e+01 1.121890673417751474e-04
6.995920165435374827e+01 1.265577955351357203e-04
7.077010661181888906e+01 1.453197379503912872e-04
7.159041085964888396e+01 1.661933655000727254e-04
7.242022334607315770e+01 1.947569302864060451e-04
7.325965428215229736e+01 2.562907659867250045e-04
7.410881515641570161e+01 3.185378472822102971e-04
7.496781874966876558e+01 3.900743008222968340e-04
7.583677914997190328e+01 4.625373270028255946e-04
7.671581176779302780e+01 5.358402802518918897e-04
7.760503335133570602e+01 6.864072774017935825e-04
7.850456200204509116e+01 8.728637958997032204e-04
7.941451719029339529e+01 1.114661936147763556e-03
8.033501977124734594e+01 1.457868244910219676e-03
8.126619200091946027e+01 2.178004415643296134e-03
8.220815755240541023e+01 2.178431113015497338e-03
8.316104153230961060e+01 2.178862756284824856e-03
8.412497049736118981e+01 2.179299402779728400e-03
8.510007247122246099e+01 2.179741110493156088e-03
8.608647696149245121e+01 2.180187938090260517e-03
8.708431497690723688e+01 2.180639944916187671e-03
8.809371904473991322e+01 2.181097191003959941e-03
8.911482322840201675e+01 2.181559737082449345e-03
9.014776314524917211e+01 2.182027644584443558e-03
9.119267598459298085e+01 2.182500975654803454e-03
9.224970052592173886e+01 2.182969681416015509e-03
9.331897715733238385e+01 2.183364697935074889e-03
9.440064789417603208e+01 2.183764293134936828e-03
9.549485639791966207e+01 2.184168520087604714e-03
9.660174799522646083e+01 2.184577432480244805e-03
9.772146969725724830e+01 2.184991084622317243e-03
9.885417021919573699e+01 2.185409531452790766e-03
1.000000000000000000e+02 2.185832828547435488e-03
