3.20399e-13 
2.39743e-12 
4.7909e-12 
7.25164e-12 
9.47157e-12 
1.06564e-11 
1.20192e-11 
1.49636e-11 
1.88061e-11 
2.16746e-11 
2.35209e-11 
2.50398e-11 
2.63505e-11 
2.73444e-11 
2.79984e-11 
2.83419e-11 
2.84079e-11 
2.81858e-11 
2.76352e-11 
2.65755e-11 
2.52991e-11 
2.4007e-11 
2.27899e-11 
2.16352e-11 
2.05345e-11 
1.94667e-11 
1.84156e-11 
1.72917e-11 
1.59833e-11 
1.46906e-11 
1.35007e-11 
1.23911e-11 
1.137e-11 
1.04608e-11 
9.68724e-12 
8.99011e-12 
8.32546e-12 
7.68859e-12 
7.07432e-12 
6.494e-12 
5.98231e-12 
5.56865e-12 
5.18307e-12 
4.7926e-12 
4.32331e-12 
3.89519e-12 
3.58076e-12 
3.32899e-12 
3.12576e-12 
2.95291e-12 
2.75684e-12 
2.47956e-12 
2.14132e-12 
1.92225e-12 
1.76547e-12 
1.63422e-12 
1.5117e-12 
1.38714e-12 
1.26065e-12 
1.13612e-12 
1.03098e-12 
9.48106e-13 
8.6527e-13 
7.71141e-13 
6.86132e-13 
6.15707e-13 
5.51229e-13 
4.85798e-13 
4.28332e-13 
3.84712e-13 
3.46913e-13 
3.0732e-13 
2.68774e-13 
2.39447e-13 
2.17497e-13 
1.98877e-13 
1.81207e-13 
1.60447e-13 
1.32788e-13 
1.09931e-13 
9.19813e-14 
7.69918e-14 
6.02048e-14 
4.75843e-14 
4.23016e-14 
3.67645e-14 
0. 
0. 
0. 
0. 
0. 
0. 
0. 
0. 
0. 
0. 
0. 
0. 
0. 
0.
