1.18088e-12 
2.71695e-12 
4.69988e-12 
7.10858e-12 
9.92195e-12 
1.30636e-11 
1.672e-11 
2.11675e-11 
2.51925e-11 
2.8478e-11 
3.4222e-11 
4.5293e-11 
5.62986e-11 
6.006e-11 
6.80132e-11 
8.94188e-11 
1.10231e-10 
1.26969e-10 
1.39033e-10 
1.45425e-10 
1.52675e-10 
1.67845e-10 
1.84106e-10 
1.96521e-10 
2.07493e-10 
2.17815e-10 
2.27829e-10 
2.38448e-10 
2.48412e-10 
2.55201e-10 
2.59999e-10 
2.65342e-10 
2.68234e-10 
2.63739e-10 
2.56124e-10 
2.50805e-10 
2.47534e-10 
2.43362e-10 
2.34888e-10 
2.26008e-10 
2.20725e-10 
2.15793e-10 
2.07557e-10 
1.96332e-10 
1.88852e-10 
1.83845e-10 
1.78077e-10 
1.70208e-10 
1.61873e-10 
1.53465e-10 
1.45494e-10 
1.40445e-10 
1.36316e-10 
1.31142e-10 
1.22085e-10 
1.11937e-10 
1.0589e-10 
1.01482e-10 
9.65057e-11 
9.14065e-11 
8.59886e-11 
8.06844e-11 
7.6193e-11 
7.24273e-11 
6.89637e-11 
6.52994e-11 
6.17853e-11 
5.84863e-11 
5.55194e-11 
5.27591e-11 
5.0045e-11 
4.74867e-11 
4.5322e-11 
4.33352e-11 
4.11151e-11 
3.85084e-11 
3.60494e-11 
3.39285e-11 
3.19357e-11 
2.99884e-11 
2.81466e-11 
2.64292e-11 
2.4827e-11 
2.33642e-11 
2.1997e-11 
2.06742e-11 
1.93566e-11 
1.81498e-11 
1.71304e-11 
1.62148e-11 
1.53614e-11 
1.44921e-11 
1.36623e-11 
1.28722e-11 
1.21245e-11 
1.14314e-11 
1.08047e-11 
1.02478e-11 
9.7463e-12 
0.