0. 
3.01813e-9 
8.21717e-9 
1.44296e-8 
1.89444e-8 
1.88089e-8 
1.68206e-8 
1.48104e-8 
1.24935e-8 
1.02165e-8 
8.17802e-9 
6.7517e-9 
5.62809e-9 
4.62799e-9 
3.80343e-9 
3.15837e-9 
2.63568e-9 
2.17847e-9 
1.8105e-9 
1.53456e-9 
1.31633e-9 
1.1302e-9 
9.67116e-10 
8.14291e-10 
6.8331e-10 
5.77819e-10 
4.88525e-10 
4.08711e-10 
3.43279e-10 
2.93004e-10 
2.53207e-10 
2.20651e-10 
1.92521e-10 
1.6536e-10 
1.40927e-10 
1.19473e-10 
1.01657e-10 
8.83538e-11 
7.68971e-11 
6.42521e-11 
5.31071e-11 
4.51042e-11 
3.84334e-11 
3.18176e-11 
2.60294e-11 
2.13373e-11 
1.74564e-11 
1.42532e-11 
1.18602e-11 
1.0198e-11 
8.719e-12 
6.89608e-12 
5.32847e-12 
4.39281e-12 
3.68198e-12 
2.9002e-12 
2.21693e-12 
1.7349e-12 
1.369e-12 
1.05556e-12 
8.06376e-13 
6.2935e-13 
5.00522e-13 
3.94313e-13 
3.18292e-13 
2.77855e-13 
2.5589e-13 
2.37764e-13 
2.20572e-13 
1.917e-13 
1.64633e-13 
1.52147e-13 
1.42394e-13 
1.23519e-13 
1.04923e-13 
9.78768e-14 
9.25749e-14 
7.57536e-14 
5.37821e-14 
4.81051e-14 
4.81043e-14 
4.7226e-14 
3.89169e-14 
0. 
0. 
0. 
0. 
0. 
0. 
0. 
0. 
0. 
0. 
0. 
0. 
0. 
0. 
0. 
0. 
0.